886417199
903501837
143274714
411933775
217152340
621579743
190492761
497270680
335740703
162352362
621404623
100078726
321666666
239867914
616198330
753041080
990690580
853724526
59705355
914463489
341896495
339251586
71449363
578681005
358313648
190548544
118311969
705808806
4777536
232699158
573715762
731316019
409793506
826149763
659530088
59033395
492675342
253338321
483242781
826689081
784872301
137261150
71592893
844544064
599357969
567328048
611633661
905027419
470761452
749630928
168528886
172593642
734165268
984797111
979667757
231055984
42655947
426634637
517577741
420372369
353882786
144958064
33333843
259777529
981825047
904465394
320565749
796150151
376479302
976800091
23834771
